872,101
202,854
743,192
555,292
972,40
663,740
1266,656
666,844
418,348
1119,857
755,796
845,199
1210,112
78,114
90,98
509,378
1076,445
852,306
1099,889
202,40
1094,101
1240,130
1210,782
422,231
580,782
453,42
232,679
392,812
803,200
597,324
252,334
52,569
336,854
713,324
460,387
638,266
766,317
1094,872
539,833
523,140
609,283
947,441
509,404
725,203
100,334
708,893
619,122
161,374
528,212
1285,450
398,178
108,77
726,824
502,893
753,491
251,312
100,782
1231,794
1207,215
1000,170
199,234
1031,206
1255,836
363,32
55,456
16,294
363,446
542,535
576,504
851,695
465,473
748,242
69,691
1057,234
97,535
542,556
766,437
1083,674
309,42
28,177
1054,5
629,108
519,770
159,705
2,245
808,893
947,324
711,568
681,786
728,210
358,546
162,603
890,652
787,754
234,1
743,894
487,194
460,570
180,276
671,894
851,255
100,560
1111,234
358,0
912,553
236,322
390,110
117,190
959,235
731,312
351,236
1293,768
401,234
681,109
542,471
1099,5
918,684
405,866
768,87
753,851
278,709
820,686
691,212
1308,198
748,738
539,654
1300,844
1062,679
470,858
671,0
397,91
311,507
184,522
1076,893
736,288
733,817
398,5
897,474
619,297
992,40
589,619
539,206
212,302
934,577
361,743
35,229
857,332
870,803
474,406
1275,570
1223,590
1115,863
1015,334
644,205
741,889
904,392
1275,122
951,112
1056,238
251,226
33,604
919,338
25,786
1285,337
658,201
855,682
25,736
644,844
745,122
1115,199
903,318
254,686
179,50
574,606
556,700
649,269
1129,516
2,870
425,499
1183,122
522,674
291,862
686,670
1032,317
330,455
1255,634
295,334
629,786
567,192
621,575
753,359
1058,334
329,772
293,823
997,89
701,283
333,411
1256,145
793,199
735,576
681,444
729,122
15,469
895,766
689,290
1256,649
1228,680
152,449
1069,868
1245,723
63,556
740,332
375,543
85,145
569,453
623,199
872,593
902,64
557,311
1154,122
1131,744
1288,558
84,534
107,456
1220,98
1146,656
1014,672
487,700
1114,834
82,680
1074,322
1014,98
272,357
771,654
1154,772
1283,201
1066,214
1130,276
216,739
999,387
1256,469
904,215
139,92
241,868
415,128
398,341
1150,198
764,98
326,464
981,324
1307,364
877,317
639,425
626,177
646,712
934,317
589,275
912,5
803,150
952,98
740,534
460,212
580,794
1183,589
199,682
1231,808
243,784
313,89
187,624
581,238
216,145
1091,443
652,870
340,887
1238,12
892,546
1148,291
678,280
808,397
1016,812
10,172
22,614
576,390
952,892
279,206
951,863
520,200
1082,42
1144,439
590,658
1277,156
1115,31
507,150
44,686
585,539
227,780
547,438
310,724
1211,740
276,183
932,183
591,450
311,224
930,437
519,124
1094,749
540,302
1007,236
519,238
1048,684
659,252
132,855
467,624
363,441
580,670
495,194
903,110
1308,870
705,448
212,162
1011,320
1163,200
55,58
843,270
1009,557
63,444
1031,878
857,780
22,504
459,140
885,135
1131,274
1034,8
418,98
840,858
1092,145
542,87
1240,824
187,288
1202,313
1280,263
984,376
627,581
1029,877
470,522
227,770
1078,679
741,145
97,311
110,872
232,719
654,464
1285,736
982,467
281,205
605,448
281,17
801,490
977,411
1225,229
262,530
644,50
1038,537
218,145
872,793
1078,623
852,754
468,831
1295,0
214,131
1111,660
579,448
55,836
917,275
22,390
1011,768
244,736
75,582
967,868
291,884
28,215
460,855
1218,738
912,178
360,36
687,199
1119,37
632,280
75,312
1282,177
820,155
134,22
209,638
490,739
1015,112
1083,826
1168,260
689,823
519,322
1255,326
1017,151
755,546
25,450
840,522
679,606
1038,749
147,126
1216,679
1015,247
161,520
672,266
937,731
748,652
1032,633
85,229
1176,355
851,140
842,831
415,416
818,821
572,680
663,630
851,199
624,660
1198,535
900,184
1111,682
818,208
244,214
701,163
291,32
850,570
179,296
546,133
296,348
1083,124
736,662
30,222
127,589
1007,235
632,558
1293,126
739,548
415,142
719,444
48,256
739,203
584,824
895,478
87,142
3,530
1310,878
248,840
1114,588
1265,653
502,397
25,557
132,884
112,338
391,338
726,130
296,546
1121,869
311,894
959,658
820,739
70,764
1170,446
580,334
92,242
1047,796
79,576
726,764
802,276
1111,418
1141,269
509,490
328,376
480,50
619,324
514,894
438,101
25,337
69,203
684,663
1057,660
900,214
1170,511
1119,656
790,455
1111,476
691,682
522,226
1125,775
952,0
1288,280
299,521
400,238
152,498
199,660
1282,679
232,495
835,694
1235,446
840,36
764,145
899,324
710,749
666,50
619,414
743,542
822,887
691,122
493,598
796,894
422,175
274,793
112,556
87,304
816,248
27,849
252,560
788,674
683,649
426,194
952,884
8,630
738,214
164,656
392,684
1176,872
33,156
351,659
170,112
1202,301
137,64
22,280
1063,766
422,663
743,688
460,682
745,772
1305,269
256,889
1216,663
459,479
358,348
624,546
397,803
108,301
1179,754
170,782
192,694
910,238
1178,835
867,39
359,863
387,747
1146,686
555,796
509,68
852,834
684,625
380,445
0,872
1266,686
683,849
239,309
228,42
10,844
218,749
837,516
710,761
1158,498
480,221
134,539
520,455
1262,638
634,596
195,639
910,432
570,780
1143,252
1230,438
801,378
542,487
278,732
527,73
638,294
299,768
257,91
1200,325
440,91
527,149
1294,180
179,150
570,220
1096,220
216,155
1213,359
212,638
1293,404
867,240
1131,598
1310,872
440,131
918,530
710,145
443,453
740,780
637,880
351,400
243,534
376,633
296,10
830,844
999,448
460,407
97,43
353,779
1015,863
913,91
1200,569
577,817
1231,467
1123,624
1006,504
788,220
427,180
888,175
509,516
274,93
350,504
301,114
952,2
571,346
5,625
475,200
1247,338
189,109
498,122
110,22
35,446
406,215
1305,493
686,346
310,170
994,722
629,450
54,649
1245,51
1283,581
1140,112
32,876
460,507
99,348
350,110
1178,884
766,669
281,877
790,739
1223,752
276,711
0,518
328,518
575,86
295,863
232,623
644,465
72,460
1247,444
627,649
112,108
1185,852
576,728
755,292
651,364
1168,634
1158,396
522,59
1064,179
626,625
868,190
219,443
1163,126
1062,838
629,109
564,572
243,766
1108,40
296,668
580,100
1001,404
801,68
296,98
199,415
999,224
1275,597
1131,50
514,511
999,862
15,234
686,546
975,488
664,406
31,334
1210,560
579,582
830,50
316,749
335,488
274,801
110,577
1001,42
626,231
227,266
152,396
328,464
407,318
1211,546
529,404
502,857
363,448
295,647
229,359
382,749
619,682
580,224
562,738
278,185
818,73
820,131
239,864
606,638
546,145
713,570
1058,560
1056,432
329,324
243,576
900,710

fold along x=655
fold along y=447
fold along x=327
fold along y=223
fold along x=163
fold along y=111
fold along x=81
fold along y=55
fold along x=40
fold along y=27
fold along y=13
fold along y=6
